EE-w5-3s = 0.219308 [ m ]
EGM-w5-3s = 0.214218 [ m ]
exp 0.23
EE-w15-5s = 0.27997 [ m ]
EGM-w15-5s = 0.268816 [ m ]
exp 0.23
